function [x,z]=fun1()
a=[0.3,2.2,1,0.4,1.8;0.1,0.05,0.02,0.2,0.05;0.05,0.1,0.02,0.2,0.08];
b=[70;3;10];
c=[2;7;4;3;5];
[x,z]=linprog(-c,a,b);